0.0000
78.1250
156.2500
234.3750
312.5000
390.6250
468.7500
546.8750
625.0000
703.1250
781.2500
859.3750
937.5000
1015.6250
1093.7500
1171.8750
1250.0000
1328.1250
1406.2500
1484.3750
1562.5000
1640.6250
1718.7500
1796.8750
1875.0000
1953.1250
2031.2500
2109.3750
2187.5000
2265.6250
2343.7500
2421.8750
2500.0000
2578.1250
2656.2500
2734.3750
2812.5000
2890.6250
2968.7500
3046.8750
3125.0000
3203.1250
3281.2500
3359.3750
3437.5000
3515.6250
3593.7500
3671.8750
3750.0000
3828.1250
3906.2500
3984.3750
4062.5000
4140.6250
4218.7500
4296.8750
4375.0000
4453.1250
4531.2500
4609.3750
4687.5000
4765.6250
4843.7500
