0.0032
0.0042
0.0052
0.0062
0.0072
0.0082
0.0092
0.0102
0.0112
0.0122
0.0132
0.0142
0.0152
0.0162
0.0172
0.0182
0.0192
0.0202
0.0212
0.0222
0.0232
0.0242
0.0252
0.0262
0.0272
0.0282
0.0292
0.0302
0.0312
0.0322
0.0332
0.0342
0.0352
0.0362
0.0372
0.0382
0.0392
0.0402
0.0412
0.0422
0.0432
0.0442
0.0452
0.0462
0.0472
0.0482
0.0492
0.0502
0.0512
0.0522
0.0532
0.0542
0.0552
0.0562
0.0572
0.0582
0.0592
0.0602
0.0612
0.0622
0.0632
0.0642
0.0652
0.0662
0.0672
0.0682
0.0692
0.0702
0.0712
0.0722
0.0732
0.0742
0.0752
0.0762
0.0772
0.0782
0.0792
0.0802
0.0812
0.0822
0.0832
0.0842
0.0852
0.0862
0.0872
0.0882
0.0892
0.0902
0.0912
0.0922
0.0932
0.0942
0.0952
0.0962
0.0972
0.0982
0.0992
0.1002
0.1012
0.1022
0.1032
0.1042
0.1052
0.1062
0.1072
0.1082
0.1092
0.1102
0.1112
0.1122
0.1132
0.1142
0.1152
0.1162
0.1172
0.1182
0.1192
0.1202
0.1212
0.1222
0.1232
0.1242
0.1252
0.1262
0.1272
0.1282
0.1292
0.1302
0.1312
0.1322
0.1332
0.1342
0.1352
0.1362
0.1372
0.1382
0.1392
0.1402
0.1412
0.1422
0.1432
0.1442
0.1452
0.1462
0.1472
0.1482
0.1492
0.1502
0.1512
0.1522
0.1532
0.1542
0.1552
0.1562
0.1572
0.1582
0.1592
0.1602
0.1612
0.1622
0.1632
0.1642
0.1652
0.1662
0.1672
0.1682
0.1692
0.1702
0.1712
0.1722
0.1732
0.1742
0.1752
0.1762
0.1772
0.1782
0.1792
0.1802
0.1812
0.1822
0.1832
0.1842
0.1852
0.1862
0.1872
0.1882
0.1892
0.1902
0.1912
0.1922
0.1932
0.1942
0.1952
0.1962
0.1972
0.1982
0.1992
0.2002
0.2012
0.2022
0.2032
0.2042
0.2052
0.2062
0.2072
0.2082
0.2092
0.2102
0.2112
0.2122
0.2132
0.2142
0.2152
0.2162
0.2172
0.2182
0.2192
0.2202
0.2212
0.2222
0.2232
0.2242
0.2252
0.2262
0.2272
0.2282
0.2292
0.2302
0.2312
0.2322
0.2332
0.2342
0.2352
0.2362
0.2372
0.2382
0.2392
0.2402
0.2412
0.2422
0.2432
0.2442
0.2452
0.2462
0.2472
0.2482
0.2492
0.2502
0.2512
0.2522
0.2532
0.2542
0.2552
0.2562
0.2572
0.2582
0.2592
0.2602
0.2612
0.2622
0.2632
0.2642
0.2652
0.2662
0.2672
0.2682
0.2692
0.2702
0.2712
0.2722
0.2732
0.2742
0.2752
0.2762
0.2772
0.2782
0.2792
0.2802
0.2812
0.2822
0.2832
0.2842
0.2852
0.2862
0.2872
0.2882
0.2892
0.2902
0.2912
0.2922
0.2932
0.2942
0.2952
0.2962
0.2972
0.2982
0.2992
0.3002
0.3012
0.3022
0.3032
0.3042
0.3052
0.3062
0.3072
0.3082
0.3092
0.3102
0.3112
0.3122
0.3132
0.3142
0.3152
0.3162
0.3172
0.3182
0.3192
0.3202
0.3212
0.3222
0.3232
0.3242
0.3252
0.3262
0.3272
0.3282
0.3292
0.3302
0.3312
0.3322
0.3332
0.3342
0.3352
0.3362
0.3372
0.3382
0.3392
0.3402
0.3412
0.3422
0.3432
0.3442
0.3452
0.3462
0.3472
0.3482
0.3492
0.3502
0.3512
0.3522
0.3532
0.3542
0.3552
0.3562
0.3572
0.3582
0.3592
0.3602
0.3612
0.3622
0.3632
0.3642
0.3652
0.3662
0.3672
0.3682
0.3692
0.3702
0.3712
0.3722
0.3732
0.3742
0.3752
0.3762
0.3772
0.3782
0.3792
0.3802
0.3812
0.3822
0.3832
0.3842
0.3852
0.3862
0.3872
0.3882
0.3892
0.3902
0.3912
0.3922
0.3932
0.3942
0.3952
0.3962
0.3972
0.3982
0.3992
0.4002
0.4012
0.4022
0.4032
0.4042
0.4052
0.4062
0.4072
0.4082
0.4092
0.4102
0.4112
0.4122
0.4132
0.4142
0.4152
0.4162
0.4172
0.4182
0.4192
0.4202
0.4212
0.4222
0.4232
0.4242
0.4252
0.4262
0.4272
0.4282
0.4292
0.4302
0.4312
0.4322
0.4332
0.4342
0.4352
0.4362
0.4372
0.4382
0.4392
0.4402
0.4412
0.4422
0.4432
0.4442
0.4452
0.4462
0.4472
0.4482
0.4492
0.4502
0.4512
0.4522
0.4532
0.4542
0.4552
0.4562
0.4572
0.4582
0.4592
0.4602
0.4612
0.4622
0.4632
0.4642
0.4652
0.4662
0.4672
0.4682
0.4692
0.4702
0.4712
0.4722
0.4732
0.4742
0.4752
0.4762
0.4772
0.4782
0.4792
0.4802
0.4812
0.4822
0.4832
0.4842
0.4852
0.4862
0.4872
0.4882
0.4892
0.4902
0.4912
0.4922
0.4932
0.4942
0.4952
0.4962
0.4972
0.4982
0.4992
0.5002
0.5012
0.5022
0.5032
0.5042
0.5052
0.5062
0.5072
0.5082
0.5092
0.5102
0.5112
0.5122
0.5132
0.5142
0.5152
0.5162
0.5172
0.5182
0.5192
0.5202
0.5212
0.5222
0.5232
0.5242
0.5252
0.5262
0.5272
0.5282
0.5292
0.5302
0.5312
0.5322
0.5332
0.5342
0.5352
0.5362
0.5372
0.5382
0.5392
0.5402
0.5412
0.5422
0.5432
0.5442
0.5452
0.5462
0.5472
0.5482
0.5492
0.5502
0.5512
0.5522
0.5532
0.5542
0.5552
0.5562
0.5572
0.5582
0.5592
0.5602
0.5612
0.5622
0.5632
0.5642
0.5652
0.5662
0.5672
0.5682
0.5692
0.5702
0.5712
0.5722
0.5732
0.5742
0.5752
0.5762
0.5772
0.5782
0.5792
0.5802
0.5812
0.5822
0.5832
0.5842
0.5852
0.5862
0.5872
0.5882
0.5892
0.5902
0.5912
0.5922
0.5932
0.5942
0.5952
0.5962
0.5972
0.5982
0.5992
0.6002
0.6012
0.6022
0.6032
0.6042
0.6052
0.6062
0.6072
0.6082
0.6092
0.6102
0.6112
0.6122
0.6132
0.6142
0.6152
0.6162
0.6172
0.6182
0.6192
0.6202
0.6212
0.6222
0.6232
0.6242
0.6252
0.6262
0.6272
0.6282
0.6292
0.6302
0.6312
0.6322
0.6332
0.6342
0.6352
0.6362
0.6372
0.6382
0.6392
0.6402
0.6412
0.6422
0.6432
0.6442
0.6452
0.6462
0.6472
0.6482
0.6492
0.6502
0.6512
0.6522
0.6532
0.6542
0.6552
0.6562
0.6572
0.6582
0.6592
0.6602
0.6612
0.6622
0.6632
0.6642
0.6652
0.6662
0.6672
0.6682
0.6692
0.6702
0.6712
0.6722
0.6732
0.6742
0.6752
0.6762
0.6772
0.6782
0.6792
0.6802
0.6812
0.6822
0.6832
0.6842
0.6852
0.6862
0.6872
0.6882
0.6892
0.6902
0.6912
0.6922
0.6932
0.6942
0.6952
0.6962
0.6972
0.6982
0.6992
0.7002
0.7012
0.7022
0.7032
0.7042
0.7052
0.7062
0.7072
0.7082
0.7092
0.7102
0.7112
0.7122
0.7132
0.7142
0.7152
0.7162
0.7172
0.7182
0.7192
0.7202
0.7212
0.7222
0.7232
0.7242
0.7252
0.7262
0.7272
0.7282
0.7292
0.7302
0.7312
0.7322
0.7332
0.7342
0.7352
0.7362
0.7372
0.7382
0.7392
0.7402
0.7412
0.7422
0.7432
0.7442
0.7452
0.7462
0.7472
0.7482
0.7492
0.7502
0.7512
0.7522
0.7532
0.7542
0.7552
0.7562
0.7572
0.7582
0.7592
0.7602
0.7612
0.7622
0.7632
0.7642
0.7652
0.7662
0.7672
0.7682
0.7692
0.7702
0.7712
0.7722
0.7732
0.7742
0.7752
0.7762
0.7772
0.7782
0.7792
0.7802
0.7812
0.7822
0.7832
0.7842
0.7852
0.7862
0.7872
0.7882
0.7892
0.7902
0.7912
0.7922
0.7932
0.7942
0.7952
0.7962
0.7972
0.7982
0.7992
0.8002
0.8012
0.8022
0.8032
0.8042
0.8052
0.8062
0.8072
0.8082
0.8092
0.8102
0.8112
0.8122
0.8132
0.8142
0.8152
0.8162
0.8172
0.8182
0.8192
0.8202
0.8212
0.8222
0.8232
0.8242
0.8252
0.8262
0.8272
0.8282
0.8292
0.8302
0.8312
0.8322
0.8332
0.8342
0.8352
0.8362
0.8372
0.8382
0.8392
0.8402
0.8412
0.8422
0.8432
0.8442
0.8452
0.8462
0.8472
0.8482
0.8492
0.8502
0.8512
0.8522
0.8532
0.8542
0.8552
0.8562
0.8572
0.8582
0.8592
0.8602
0.8612
0.8622
0.8632
0.8642
0.8652
0.8662
0.8672
0.8682
0.8692
0.8702
0.8712
0.8722
0.8732
0.8742
0.8752
0.8762
0.8772
0.8782
0.8792
0.8802
0.8812
0.8822
0.8832
0.8842
0.8852
0.8862
0.8872
0.8882
0.8892
0.8902
0.8912
0.8922
0.8932
0.8942
0.8952
0.8962
0.8972
0.8982
0.8992
0.9002
0.9012
0.9022
0.9032
0.9042
0.9052
0.9062
0.9072
0.9082
0.9092
0.9102
0.9112
0.9122
0.9132
0.9142
0.9152
0.9162
0.9172
0.9182
0.9192
0.9202
0.9212
0.9222
0.9232
0.9242
0.9252
0.9262
0.9272
0.9282
0.9292
0.9302
0.9312
0.9322
0.9332
0.9342
0.9352
0.9362
0.9372
0.9382
0.9392
0.9402
0.9412
0.9422
0.9432
0.9442
0.9452
0.9462
0.9472
0.9482
0.9492
0.9502
0.9512
0.9522
0.9532
0.9542
0.9552
0.9562
0.9572
0.9582
0.9592
0.9602
0.9612
0.9622
0.9632
0.9642
0.9652
0.9662
0.9672
0.9682
0.9692
0.9702
0.9712
0.9722
0.9732
0.9742
0.9752
0.9762
0.9772
0.9782
0.9792
0.9802
0.9812
0.9822
0.9832
0.9842
0.9852
0.9862
0.9872
0.9882
0.9892
0.9902
0.9912
0.9922
0.9932
0.9942
0.9952
0.9962
0.9972
0.9982
0.9992
1.0002
1.0012
1.0022
1.0032
1.0042
1.0052
1.0062
1.0072
1.0082
1.0092
1.0102
1.0112
1.0122
1.0132
1.0142
1.0152
1.0162
1.0172
1.0182
1.0192
1.0202
1.0212
1.0222
1.0232
1.0242
1.0252
1.0262
1.0272
1.0282
1.0292
1.0302
1.0312
1.0322
1.0332
1.0342
1.0352
1.0362
1.0372
1.0382
1.0392
1.0402
1.0412
1.0422
1.0432
1.0442
1.0452
1.0462
1.0472
1.0482
1.0492
1.0502
1.0512
1.0522
1.0532
1.0542
1.0552
1.0562
1.0572
1.0582
1.0592
1.0602
1.0612
1.0622
1.0632
1.0642
1.0652
1.0662
1.0672
1.0682
1.0692
1.0702
1.0712
1.0722
1.0732
1.0742
1.0752
1.0762
1.0772
1.0782
1.0792
1.0802
1.0812
1.0822
1.0832
1.0842
1.0852
1.0862
1.0872
1.0882
1.0892
1.0902
1.0912
1.0922
1.0932
1.0942
1.0952
1.0962
1.0972
1.0982
1.0992
1.1002
1.1012
1.1022
1.1032
1.1042
1.1052
1.1062
1.1072
1.1082
1.1092
1.1102
1.1112
1.1122
1.1132
1.1142
1.1152
1.1162
1.1172
1.1182
1.1192
1.1202
1.1212
1.1222
1.1232
1.1242
1.1252
1.1262
1.1272
1.1282
1.1292
1.1302
1.1312
1.1322
1.1332
1.1342
1.1352
1.1362
1.1372
1.1382
1.1392
1.1402
1.1412
1.1422
1.1432
1.1442
1.1452
1.1462
1.1472
1.1482
1.1492
1.1502
1.1512
1.1522
1.1532
1.1542
1.1552
1.1562
1.1572
1.1582
1.1592
1.1602
1.1612
1.1622
1.1632
1.1642
1.1652
1.1662
1.1672
1.1682
1.1692
1.1702
1.1712
1.1722
1.1732
1.1742
1.1752
1.1762
1.1772
1.1782
1.1792
1.1802
1.1812
1.1822
1.1832
1.1842
1.1852
1.1862
1.1872
1.1882
1.1892
1.1902
1.1912
1.1922
1.1932
1.1942
1.1952
1.1962
1.1972
1.1982
1.1992
1.2002
1.2012
1.2022
1.2032
1.2042
1.2052
1.2062
1.2072
1.2082
1.2092
1.2102
1.2112
1.2122
1.2132
1.2142
1.2152
1.2162
1.2172
1.2182
1.2192
1.2202
1.2212
1.2222
1.2232
1.2242
1.2252
1.2262
1.2272
1.2282
1.2292
1.2302
1.2312
1.2322
1.2332
1.2342
1.2352
1.2362
1.2372
1.2382
1.2392
1.2402
1.2412
1.2422
1.2432
1.2442
1.2452
1.2462
1.2472
1.2482
1.2492
1.2502
1.2512
1.2522
1.2532
1.2542
1.2552
1.2562
1.2572
1.2582
1.2592
1.2602
1.2612
1.2622
1.2632
1.2642
1.2652
1.2662
1.2672
1.2682
1.2692
1.2702
1.2712
1.2722
1.2732
1.2742
1.2752
1.2762
1.2772
1.2782
1.2792
1.2802
1.2812
1.2822
1.2832
1.2842
1.2852
1.2862
1.2872
1.2882
1.2892
1.2902
1.2912
1.2922
1.2932
1.2942
1.2952
1.2962
1.2972
1.2982
1.2992
1.3002
1.3012
1.3022
1.3032
1.3042
1.3052
1.3062
1.3072
1.3082
1.3092
1.3102
1.3112
1.3122
1.3132
1.3142
1.3152
1.3162
1.3172
1.3182
1.3192
1.3202
1.3212
1.3222
1.3232
1.3242
1.3252
1.3262
1.3272
1.3282
1.3292
1.3302
1.3312
1.3322
1.3332
1.3342
1.3352
1.3362
1.3372
1.3382
1.3392
1.3402
1.3412
1.3422
1.3432
1.3442
1.3452
1.3462
1.3472
1.3482
1.3492
1.3502
1.3512
1.3522
1.3532
1.3542
1.3552
1.3562
1.3572
1.3582
1.3592
1.3602
1.3612
1.3622
1.3632
1.3642
1.3652
1.3662
1.3672
1.3682
1.3692
1.3702
1.3712
1.3722
1.3732
1.3742
1.3752
1.3762
1.3772
1.3782
1.3792
1.3802
1.3812
1.3822
1.3832
1.3842
1.3852
1.3862
1.3872
1.3882
1.3892
1.3902
1.3912
1.3922
1.3932
1.3942
1.3952
1.3962
1.3972
1.3982
1.3992
1.4002
1.4012
1.4022
1.4032
1.4042
1.4052
1.4062
1.4072
1.4082
1.4092
1.4102
1.4112
1.4122
1.4132
1.4142
1.4152
1.4162
1.4172
1.4182
1.4192
1.4202
1.4212
1.4222
1.4232
1.4242
1.4252
1.4262
1.4272
1.4282
1.4292
1.4302
1.4312
1.4322
1.4332
1.4342
1.4352
1.4362
1.4372
1.4382
1.4392
1.4402
1.4412
1.4422
1.4432
1.4442
1.4452
1.4462
1.4472
1.4482
1.4492
1.4502
1.4512
1.4522
1.4532
1.4542
1.4552
1.4562
1.4572
1.4582
1.4592
1.4602
1.4612
1.4622
1.4632
1.4642
1.4652
1.4662
1.4672
1.4682
1.4692
1.4702
1.4712
1.4722
1.4732
1.4742
1.4752
1.4762
1.4772
1.4782
1.4792
1.4802
1.4812
1.4822
1.4832
1.4842
1.4852
1.4862
1.4872
1.4882
1.4892
1.4902
1.4912
1.4922
1.4932
1.4942
1.4952
1.4962
1.4972
1.4982
1.4992
1.5002
1.5012
1.5022
1.5032
1.5042
1.5052
1.5062
1.5072
1.5082
1.5092
1.5102
1.5112
1.5122
1.5132
1.5142
1.5152
1.5162
1.5172
1.5182
1.5192
1.5202
1.5212
1.5222
1.5232
1.5242
1.5252
1.5262
1.5272
1.5282
1.5292
1.5302
1.5312
1.5322
1.5332
1.5342
1.5352
1.5362
1.5372
1.5382
1.5392
1.5402
1.5412
1.5422
1.5432
1.5442
1.5452
1.5462
1.5472
1.5482
1.5492
1.5502
1.5512
1.5522
1.5532
1.5542
1.5552
1.5562
1.5572
1.5582
1.5592
1.5602
1.5612
1.5622
1.5632
1.5642
1.5652
1.5662
1.5672
1.5682
1.5692
1.5702
1.5712
1.5722
1.5732
1.5742
1.5752
1.5762
1.5772
1.5782
1.5792
1.5802
1.5812
1.5822
1.5832
1.5842
1.5852
1.5862
1.5872
1.5882
1.5892
1.5902
1.5912
1.5922
1.5932
1.5942
1.5952
1.5962
1.5972
1.5982
1.5992
1.6002
1.6012
1.6022
1.6032
1.6042
1.6052
1.6062
1.6072
1.6082
1.6092
1.6102
1.6112
1.6122
1.6132
1.6142
1.6152
1.6162
1.6172
1.6182
1.6192
1.6202
1.6212
1.6222
1.6232
1.6242
1.6252
1.6262
1.6272
1.6282
1.6292
1.6302
1.6312
1.6322
1.6332
1.6342
1.6352
1.6362
1.6372
1.6382
1.6392
1.6402
1.6412
1.6422
1.6432
1.6442
1.6452
1.6462
1.6472
1.6482
1.6492
1.6502
1.6512
1.6522
1.6532
1.6542
1.6552
1.6562
1.6572
1.6582
1.6592
1.6602
1.6612
1.6622
1.6632
1.6642
1.6652
1.6662
1.6672
1.6682
1.6692
1.6702
1.6712
1.6722
1.6732
1.6742
1.6752
1.6762
1.6772
1.6782
1.6792
1.6802
1.6812
1.6822
1.6832
1.6842
1.6852
1.6862
1.6872
1.6882
1.6892
1.6902
1.6912
1.6922
1.6932
1.6942
1.6952
1.6962
1.6972
1.6982
1.6992
1.7002
1.7012
1.7022
1.7032
1.7042
1.7052
1.7062
1.7072
1.7082
1.7092
1.7102
1.7112
1.7122
1.7132
1.7142
1.7152
1.7162
1.7172
1.7182
1.7192
1.7202
1.7212
1.7222
1.7232
1.7242
1.7252
1.7262
1.7272
1.7282
1.7292
1.7302
1.7312
1.7322
1.7332
1.7342
1.7352
1.7362
1.7372
1.7382
1.7392
1.7402
1.7412
1.7422
1.7432
1.7442
1.7452
1.7462
1.7472
1.7482
1.7492
1.7502
1.7512
1.7522
1.7532
1.7542
1.7552
1.7562
1.7572
1.7582
1.7592
1.7602
1.7612
1.7622
1.7632
1.7642
1.7652
1.7662
1.7672
1.7682
1.7692
1.7702
1.7712
1.7722
1.7732
1.7742
1.7752
1.7762
1.7772
1.7782
1.7792
1.7802
1.7812
1.7822
1.7832
1.7842
1.7852
1.7862
1.7872
1.7882
1.7892
1.7902
1.7912
1.7922
1.7932
1.7942
1.7952
1.7962
1.7972
1.7982
1.7992
1.8002
1.8012
1.8022
1.8032
1.8042
1.8052
1.8062
1.8072
1.8082
1.8092
1.8102
1.8112
1.8122
1.8132
1.8142
1.8152
1.8162
1.8172
1.8182
1.8192
1.8202
1.8212
1.8222
1.8232
1.8242
1.8252
1.8262
1.8272
1.8282
1.8292
1.8302
1.8312
1.8322
1.8332
1.8342
1.8352
1.8362
1.8372
1.8382
1.8392
1.8402
1.8412
1.8422
1.8432
1.8442
1.8452
1.8462
1.8472
1.8482
1.8492
1.8502
1.8512
1.8522
1.8532
1.8542
1.8552
1.8562
1.8572
1.8582
1.8592
1.8602
1.8612
1.8622
1.8632
1.8642
1.8652
1.8662
1.8672
1.8682
1.8692
1.8702
1.8712
1.8722
1.8732
1.8742
1.8752
1.8762
1.8772
1.8782
1.8792
1.8802
1.8812
1.8822
1.8832
1.8842
1.8852
1.8862
1.8872
1.8882
1.8892
1.8902
1.8912
1.8922
1.8932
1.8942
1.8952
1.8962
1.8972
1.8982
1.8992
1.9002
1.9012
1.9022
1.9032
1.9042
1.9052
1.9062
1.9072
1.9082
1.9092
1.9102
1.9112
1.9122
1.9132
1.9142
1.9152
1.9162
1.9172
1.9182
1.9192
1.9202
1.9212
1.9222
1.9232
1.9242
1.9252
1.9262
1.9272
1.9282
1.9292
1.9302
1.9312
1.9322
1.9332
1.9342
1.9352
1.9362
1.9372
1.9382
1.9392
1.9402
1.9412
1.9422
1.9432
1.9442
1.9452
1.9462
1.9472
1.9482
1.9492
1.9502
1.9512
1.9522
1.9532
1.9542
1.9552
1.9562
1.9572
1.9582
1.9592
1.9602
1.9612
1.9622
1.9632
1.9642
1.9652
1.9662
1.9672
1.9682
1.9692
1.9702
1.9712
1.9722
1.9732
1.9742
1.9752
1.9762
1.9772
1.9782
1.9792
1.9802
1.9812
1.9822
1.9832
1.9842
1.9852
1.9862
1.9872
1.9882
1.9892
1.9902
1.9912
1.9922
1.9932
1.9942
1.9952
1.9962
1.9972
1.9982
1.9992
2.0002
2.0012
2.0022
2.0032
2.0042
2.0052
2.0062
2.0072
2.0082
2.0092
2.0102
2.0112
2.0122
2.0132
2.0142
2.0152
2.0162
2.0172
2.0182
2.0192
2.0202
2.0212
2.0222
2.0232
2.0242
2.0252
2.0262
2.0272
2.0282
2.0292
2.0302
2.0312
2.0322
2.0332
2.0342
2.0352
2.0362
2.0372
2.0382
2.0392
2.0402
2.0412
2.0422
2.0432
2.0442
2.0452
2.0462
2.0472
2.0482
2.0492
2.0502
2.0512
2.0522
2.0532
2.0542
2.0552
2.0562
2.0572
2.0582
2.0592
2.0602
2.0612
2.0622
2.0632
2.0642
2.0652
2.0662
2.0672
2.0682
2.0692
2.0702
2.0712
2.0722
2.0732
2.0742
2.0752
2.0762
2.0772
2.0782
2.0792
2.0802
2.0812
2.0822
2.0832
2.0842
2.0852
2.0862
2.0872
2.0882
2.0892
2.0902
2.0912
2.0922
2.0932
2.0942
2.0952
2.0962
2.0972
2.0982
2.0992
2.1002
2.1012
2.1022
2.1032
2.1042
2.1052
2.1062
2.1072
2.1082
2.1092
2.1102
2.1112
2.1122
2.1132
2.1142
2.1152
2.1162
2.1172
2.1182
2.1192
2.1202
2.1212
2.1222
2.1232
2.1242
2.1252
2.1262
2.1272
2.1282
2.1292
2.1302
2.1312
2.1322
2.1332
2.1342
2.1352
2.1362
2.1372
2.1382
2.1392
2.1402
2.1412
2.1422
2.1432
2.1442
2.1452
2.1462
2.1472
2.1482
2.1492
2.1502
2.1512
2.1522
2.1532
2.1542
2.1552
2.1562
2.1572
2.1582
2.1592
2.1602
2.1612
2.1622
2.1632
2.1642
2.1652
2.1662
2.1672
2.1682
2.1692
2.1702
2.1712
2.1722
2.1732
2.1742
2.1752
2.1762
2.1772
2.1782
2.1792
2.1802
2.1812
2.1822
2.1832
2.1842
2.1852
2.1862
2.1872
2.1882
2.1892
2.1902
2.1912
2.1922
2.1932
2.1942
2.1952
2.1962
2.1972
2.1982
2.1992
2.2002
2.2012
2.2022
2.2032
2.2042
2.2052
2.2062
2.2072
2.2082
2.2092
2.2102
2.2112
2.2122
2.2132
2.2142
2.2152
2.2162
2.2172
2.2182
2.2192
2.2202
2.2212
2.2222
2.2232
2.2242
2.2252
2.2262
2.2272
2.2282
2.2292
2.2302
2.2312
2.2322
2.2332
2.2342
2.2352
2.2362
2.2372
2.2382
2.2392
2.2402
2.2412
2.2422
2.2432
2.2442
2.2452
2.2462
2.2472
2.2482
2.2492
2.2502
2.2512
2.2522
2.2532
2.2542
2.2552
2.2562
2.2572
2.2582
2.2592
2.2602
2.2612
2.2622
2.2632
2.2642
2.2652
2.2662
2.2672
2.2682
2.2692
2.2702
2.2712
2.2722
2.2732
2.2742
2.2752
2.2762
2.2772
2.2782
2.2792
2.2802
2.2812
2.2822
2.2832
2.2842
2.2852
2.2862
2.2872
2.2882
2.2892
2.2902
2.2912
2.2922
2.2932
2.2942
2.2952
2.2962
2.2972
2.2982
2.2992
2.3002
2.3012
2.3022
2.3032
2.3042
2.3052
2.3062
2.3072
2.3082
2.3092
2.3102
2.3112
2.3122
2.3132
2.3142
2.3152
2.3162
2.3172
2.3182
2.3192
2.3202
2.3212
2.3222
2.3232
2.3242
2.3252
2.3262
2.3272
2.3282
2.3292
2.3302
2.3312
2.3322
2.3332
2.3342
2.3352
2.3362
2.3372
2.3382
2.3392
2.3402
2.3412
2.3422
2.3432
2.3442
2.3452
2.3462
2.3472
2.3482
2.3492
2.3502
2.3512
2.3522
2.3532
2.3542
2.3552
2.3562
2.3572
2.3582
2.3592
2.3602
2.3612
2.3622
2.3632
2.3642
2.3652
2.3662
2.3672
2.3682
2.3692
2.3702
2.3712
2.3722
2.3732
2.3742
2.3752
2.3762
2.3772
2.3782
2.3792
2.3802
2.3812
2.3822
2.3832
2.3842
2.3852
2.3862
2.3872
2.3882
2.3892
2.3902
2.3912
2.3922
2.3932
2.3942
2.3952
2.3962
2.3972
2.3982
2.3992
2.4002
2.4012
2.4022
2.4032
2.4042
2.4052
2.4062
2.4072
2.4082
2.4092
2.4102
2.4112
2.4122
2.4132
2.4142
2.4152
2.4162
2.4172
2.4182
2.4192
2.4202
2.4212
2.4222
2.4232
2.4242
2.4252
2.4262
2.4272
2.4282
2.4292
2.4302
2.4312
2.4322
2.4332
2.4342
2.4352
2.4362
2.4372
2.4382
2.4392
2.4402
2.4412
2.4422
2.4432
2.4442
2.4452
2.4462
2.4472
2.4482
2.4492
2.4502
2.4512
2.4522
2.4532
2.4542
2.4552
2.4562
2.4572
2.4582
2.4592
2.4602
2.4612
2.4622
2.4632
2.4642
2.4652
2.4662
2.4672
2.4682
2.4692
2.4702
2.4712
2.4722
2.4732
2.4742
2.4752
2.4762
2.4772
2.4782
2.4792
2.4802
2.4812
2.4822
2.4832
2.4842
2.4852
2.4862
2.4872
2.4882
2.4892
2.4902
2.4912
2.4922
2.4932
2.4942
2.4952
2.4962
2.4972
2.4982
2.4992
2.5002
2.5012
2.5022
2.5032
2.5042
2.5052
2.5062
2.5072
2.5082
2.5092
2.5102
2.5112
2.5122
2.5132
2.5142
2.5152
2.5162
2.5172
2.5182
2.5192
2.5202
2.5212
2.5222
2.5232
2.5242
2.5252
2.5262
2.5272
2.5282
2.5292
2.5302
2.5312
2.5322
2.5332
2.5342
2.5352
2.5362
2.5372
2.5382
2.5392
2.5402
2.5412
2.5422
2.5432
2.5442
2.5452
2.5462
2.5472
2.5482
2.5492
2.5502
2.5512
2.5522
2.5532
2.5542
2.5552
2.5562
2.5572
2.5582
2.5592
2.5602
2.5612
2.5622
2.5632
2.5642
2.5652
2.5662
2.5672
2.5682
2.5692
2.5702
2.5712
2.5722
2.5732
2.5742
2.5752
2.5762
2.5772
2.5782
2.5792
2.5802
2.5812
2.5822
2.5832
2.5842
2.5852
2.5862
2.5872
2.5882
2.5892
2.5902
2.5912
2.5922
2.5932
2.5942
2.5952
2.5962
2.5972
2.5982
2.5992
2.6002
2.6012
2.6022
2.6032
2.6042
2.6052
2.6062
2.6072
2.6082
2.6092
2.6102
2.6112
2.6122
2.6132
2.6142
2.6152
2.6162
2.6172
2.6182
2.6192
2.6202
2.6212
2.6222
2.6232
2.6242
2.6252
2.6262
2.6272
2.6282
2.6292
2.6302
2.6312
2.6322
2.6332
2.6342
2.6352
2.6362
2.6372
2.6382
2.6392
2.6402
2.6412
2.6422
2.6432
2.6442
2.6452
2.6462
2.6472
2.6482
2.6492
2.6502
2.6512
2.6522
2.6532
2.6542
2.6552
2.6562
2.6572
2.6582
2.6592
2.6602
2.6612
2.6622
2.6632
2.6642
2.6652
2.6662
2.6672
2.6682
2.6692
2.6702
2.6712
2.6722
2.6732
2.6742
2.6752
2.6762
2.6772
2.6782
2.6792
2.6802
2.6812
2.6822
2.6832
2.6842
2.6852
2.6862
2.6872
2.6882
2.6892
2.6902
2.6912
2.6922
2.6932
2.6942
2.6952
2.6962
2.6972
2.6982
2.6992
2.7002
2.7012
2.7022
2.7032
2.7042
2.7052
2.7062
2.7072
2.7082
2.7092
2.7102
2.7112
2.7122
2.7132
2.7142
2.7152
2.7162
2.7172
2.7182
2.7192
2.7202
2.7212
2.7222
2.7232
2.7242
2.7252
2.7262
2.7272
2.7282
2.7292
2.7302
2.7312
2.7322
2.7332
2.7342
2.7352
2.7362
2.7372
2.7382
2.7392
2.7402
2.7412
2.7422
2.7432
2.7442
2.7452
2.7462
2.7472
2.7482
2.7492
2.7502
2.7512
2.7522
2.7532
2.7542
2.7552
2.7562
2.7572
2.7582
2.7592
2.7602
2.7612
2.7622
2.7632
2.7642
2.7652
2.7662
2.7672
2.7682
2.7692
2.7702
2.7712
2.7722
2.7732
2.7742
2.7752
2.7762
2.7772
2.7782
2.7792
2.7802
2.7812
2.7822
2.7832
2.7842
2.7852
2.7862
2.7872
2.7882
2.7892
2.7902
2.7912
2.7922
2.7932
2.7942
2.7952
2.7962
2.7972
2.7982
2.7992
2.8002
2.8012
2.8022
2.8032
2.8042
2.8052
2.8062
2.8072
2.8082
2.8092
2.8102
2.8112
2.8122
2.8132
2.8142
2.8152
2.8162
2.8172
2.8182
2.8192
2.8202
2.8212
2.8222
2.8232
2.8242
2.8252
2.8262
2.8272
2.8282
2.8292
2.8302
2.8312
2.8322
2.8332
2.8342
2.8352
2.8362
2.8372
2.8382
2.8392
2.8402
2.8412
2.8422
2.8432
2.8442
2.8452
2.8462
2.8472
2.8482
2.8492
2.8502
2.8512
2.8522
2.8532
2.8542
2.8552
2.8562
2.8572
2.8582
2.8592
2.8602
2.8612
2.8622
2.8632
2.8642
2.8652
2.8662
2.8672
2.8682
2.8692
2.8702
2.8712
2.8722
2.8732
2.8742
2.8752
2.8762
2.8772
2.8782
2.8792
2.8802
2.8812
2.8822
2.8832
2.8842
2.8852
2.8862
2.8872
2.8882
2.8892
2.8902
2.8912
2.8922
2.8932
2.8942
2.8952
2.8962
2.8972
2.8982
2.8992
2.9002
2.9012
2.9022
2.9032
2.9042
2.9052
2.9062
2.9072
2.9082
2.9092
2.9102
2.9112
2.9122
2.9132
2.9142
2.9152
2.9162
2.9172
2.9182
2.9192
2.9202
2.9212
2.9222
2.9232
2.9242
2.9252
2.9262
2.9272
2.9282
2.9292
2.9302
2.9312
2.9322
2.9332
2.9342
2.9352
2.9362
2.9372
2.9382
2.9392
2.9402
2.9412
2.9422
2.9432
2.9442
2.9452
2.9462
2.9472
2.9482
2.9492
2.9502
2.9512
2.9522
2.9532
2.9542
2.9552
2.9562
2.9572
2.9582
2.9592
2.9602
2.9612
2.9622
2.9632
2.9642
2.9652
2.9662
2.9672
2.9682
2.9692
2.9702
2.9712
2.9722
2.9732
2.9742
2.9752
2.9762
2.9772
2.9782
2.9792
2.9802
2.9812
2.9822
2.9832
2.9842
2.9852
2.9862
2.9872
2.9882
2.9892
2.9902
2.9912
2.9922
2.9932
2.9942
2.9952
2.9962
2.9972
2.9982
2.9992
3.0002
3.0012
3.0022
3.0032
3.0042
3.0052
3.0062
3.0072
3.0082
3.0092
3.0102
3.0112
3.0122
3.0132
3.0142
3.0152
3.0162
3.0172
3.0182
3.0192
3.0202
3.0212
3.0222
3.0232
3.0242
3.0252
3.0262
3.0272
3.0282
3.0292
3.0302
3.0312
3.0322
3.0332
3.0342
3.0352
3.0362
3.0372
3.0382
3.0392
3.0402
3.0412
3.0422
3.0432
3.0442
3.0452
3.0462
3.0472
3.0482
3.0492
3.0502
3.0512
3.0522
3.0532
3.0542
3.0552
3.0562
3.0572
3.0582
3.0592
3.0602
3.0612
3.0622
3.0632
3.0642
3.0652
3.0662
3.0672
3.0682
3.0692
3.0702
3.0712
3.0722
3.0732
3.0742
3.0752
3.0762
3.0772
3.0782
3.0792
3.0802
3.0812
3.0822
3.0832
3.0842
3.0852
3.0862
3.0872
3.0882
3.0892
3.0902
3.0912
3.0922
3.0932
3.0942
3.0952
3.0962
3.0972
3.0982
3.0992
3.1002
3.1012
3.1022
3.1032
3.1042
3.1052
3.1062
3.1072
3.1082
3.1092
3.1102
3.1112
3.1122
3.1132
3.1142
3.1152
3.1162
3.1172
3.1182
3.1192
3.1202
3.1212
3.1222
3.1232
3.1242
3.1252
3.1262
3.1272
3.1282
3.1292
3.1302
3.1312
3.1322
3.1332
3.1342
3.1352
3.1362
3.1372
3.1382
3.1392
3.1402
3.1412
3.1422
3.1432
3.1442
3.1452
3.1462
3.1472
3.1482
3.1492
3.1502
3.1512
3.1522
3.1532
3.1542
3.1552
3.1562
3.1572
3.1582
3.1592
3.1602
3.1612
3.1622
3.1632
3.1642
3.1652
3.1662
3.1672
3.1682
3.1692
3.1702
3.1712
3.1722
3.1732
3.1742
3.1752
3.1762
3.1772
3.1782
3.1792
3.1802
3.1812
3.1822
3.1832
3.1842
3.1852
3.1862
3.1872
3.1882
3.1892
3.1902
3.1912
3.1922
3.1932
3.1942
3.1952
3.1962
3.1972
3.1982
3.1992
3.2002
3.2012
3.2022
3.2032
3.2042
3.2052
3.2062
3.2072
3.2082
3.2092
3.2102
3.2112
3.2122
3.2132
3.2142
3.2152
3.2162
3.2172
3.2182
3.2192
3.2202
3.2212
3.2222
3.2232
3.2242
3.2252
3.2262
3.2272
3.2282
3.2292
3.2302
3.2312
3.2322
3.2332
3.2342
3.2352
3.2362
3.2372
3.2382
3.2392
3.2402
3.2412
3.2422
3.2432
3.2442
3.2452
3.2462
3.2472
3.2482
3.2492
3.2502
3.2512
3.2522
3.2532
3.2542
3.2552
3.2562
3.2572
3.2582
3.2592
3.2602
3.2612
3.2622
3.2632
3.2642
3.2652
3.2662
3.2672
3.2682
3.2692
3.2702
3.2712
3.2722
3.2732
3.2742
3.2752
3.2762
3.2772
3.2782
3.2792
3.2802
3.2812
3.2822
3.2832
3.2842
3.2852
3.2862
3.2872
3.2882
3.2892
3.2902
3.2912
3.2922
3.2932
3.2942
3.2952
3.2962
3.2972
3.2982
3.2992
3.3002
3.3012
3.3022
3.3032
3.3042
3.3052
3.3062
3.3072
3.3082
3.3092
3.3102
3.3112
3.3122
3.3132
3.3142
3.3152
3.3162
3.3172
3.3182
3.3192
3.3202
3.3212
3.3222
3.3232
3.3242
3.3252
3.3262
3.3272
3.3282
3.3292
3.3302
3.3312
3.3322
3.3332
3.3342
3.3352
3.3362
3.3372
3.3382
3.3392
3.3402
3.3412
3.3422
3.3432
3.3442
3.3452
3.3462
3.3472
3.3482
3.3492
3.3502
3.3512
3.3522
3.3532
3.3542
3.3552
3.3562
3.3572
3.3582
3.3592
3.3602
3.3612
3.3622
3.3632
3.3642
3.3652
3.3662
3.3672
