0.0000
10.0000
20.0000
30.0000
40.0000
50.0000
60.0000
70.0000
80.0000
90.0000
100.0000
110.0000
120.0000
130.0000
140.0000
150.0000
160.0000
170.0000
180.0000
190.0000
200.0000
210.0000
220.0000
230.0000
240.0000
250.0000
260.0000
270.0000
280.0000
290.0000
300.0000
310.0000
320.0000
330.0000
340.0000
350.0000
360.0000
370.0000
380.0000
390.0000
400.0000
410.0000
420.0000
430.0000
440.0000
450.0000
460.0000
470.0000
480.0000
490.0000
500.0000
510.0000
520.0000
530.0000
540.0000
550.0000
560.0000
570.0000
580.0000
590.0000
600.0000
610.0000
620.0000
630.0000
640.0000
650.0000
660.0000
670.0000
680.0000
690.0000
700.0000
710.0000
720.0000
730.0000
740.0000
750.0000
760.0000
770.0000
780.0000
790.0000
800.0000
810.0000
820.0000
830.0000
840.0000
850.0000
860.0000
870.0000
880.0000
890.0000
900.0000
910.0000
920.0000
930.0000
940.0000
950.0000
960.0000
970.0000
980.0000
990.0000
1000.0000
1010.0000
1020.0000
1030.0000
1040.0000
1050.0000
1060.0000
1070.0000
1080.0000
1090.0000
1100.0000
1110.0000
1120.0000
1130.0000
1140.0000
1150.0000
1160.0000
1170.0000
1180.0000
1190.0000
1200.0000
1210.0000
1220.0000
1230.0000
1240.0000
1250.0000
1260.0000
1270.0000
1280.0000
1290.0000
1300.0000
1310.0000
1320.0000
1330.0000
1340.0000
1350.0000
1360.0000
1370.0000
1380.0000
1390.0000
1400.0000
1410.0000
1420.0000
1430.0000
1440.0000
1450.0000
1460.0000
1470.0000
1480.0000
1490.0000
1500.0000
1510.0000
1520.0000
1530.0000
1540.0000
1550.0000
1560.0000
1570.0000
1580.0000
1590.0000
1600.0000
1610.0000
1620.0000
1630.0000
1640.0000
1650.0000
1660.0000
1670.0000
1680.0000
1690.0000
1700.0000
1710.0000
1720.0000
1730.0000
1740.0000
1750.0000
1760.0000
1770.0000
1780.0000
1790.0000
1800.0000
1810.0000
1820.0000
1830.0000
1840.0000
1850.0000
1860.0000
1870.0000
1880.0000
1890.0000
1900.0000
1910.0000
1920.0000
1930.0000
1940.0000
1950.0000
1960.0000
1970.0000
1980.0000
1990.0000
2000.0000
2010.0000
2020.0000
2030.0000
2040.0000
2050.0000
2060.0000
2070.0000
2080.0000
2090.0000
2100.0000
2110.0000
2120.0000
2130.0000
2140.0000
2150.0000
2160.0000
2170.0000
2180.0000
2190.0000
2200.0000
2210.0000
2220.0000
2230.0000
2240.0000
2250.0000
2260.0000
2270.0000
2280.0000
2290.0000
2300.0000
2310.0000
2320.0000
2330.0000
2340.0000
2350.0000
2360.0000
2370.0000
2380.0000
2390.0000
2400.0000
2410.0000
2420.0000
2430.0000
2440.0000
2450.0000
2460.0000
2470.0000
2480.0000
2490.0000
2500.0000
2510.0000
2520.0000
2530.0000
2540.0000
2550.0000
2560.0000
2570.0000
2580.0000
2590.0000
2600.0000
2610.0000
2620.0000
2630.0000
2640.0000
2650.0000
2660.0000
2670.0000
2680.0000
2690.0000
2700.0000
2710.0000
2720.0000
2730.0000
2740.0000
2750.0000
2760.0000
2770.0000
2780.0000
2790.0000
2800.0000
2810.0000
2820.0000
2830.0000
2840.0000
2850.0000
2860.0000
2870.0000
2880.0000
2890.0000
2900.0000
2910.0000
2920.0000
2930.0000
2940.0000
2950.0000
2960.0000
2970.0000
2980.0000
2990.0000
3000.0000
3010.0000
3020.0000
3030.0000
3040.0000
3050.0000
3060.0000
3070.0000
3080.0000
3090.0000
3100.0000
3110.0000
3120.0000
3130.0000
3140.0000
3150.0000
3160.0000
3170.0000
3180.0000
3190.0000
3200.0000
3210.0000
3220.0000
3230.0000
3240.0000
3250.0000
3260.0000
3270.0000
3280.0000
3290.0000
3300.0000
3310.0000
3320.0000
3330.0000
3340.0000
3350.0000
3360.0000
3370.0000
3380.0000
3390.0000
3400.0000
3410.0000
3420.0000
3430.0000
3440.0000
3450.0000
3460.0000
3470.0000
3480.0000
3490.0000
3500.0000
3510.0000
3520.0000
3530.0000
3540.0000
3550.0000
3560.0000
3570.0000
3580.0000
3590.0000
3600.0000
3610.0000
3620.0000
3630.0000
3640.0000
3650.0000
3660.0000
3670.0000
3680.0000
3690.0000
3700.0000
3710.0000
3720.0000
3730.0000
3740.0000
3750.0000
3760.0000
3770.0000
3780.0000
3790.0000
3800.0000
3810.0000
3820.0000
3830.0000
3840.0000
3850.0000
3860.0000
3870.0000
3880.0000
3890.0000
3900.0000
3910.0000
3920.0000
3930.0000
3940.0000
3950.0000
3960.0000
3970.0000
3980.0000
3990.0000
4000.0000
4010.0000
4020.0000
4030.0000
4040.0000
4050.0000
4060.0000
4070.0000
4080.0000
4090.0000
4100.0000
4110.0000
4120.0000
4130.0000
4140.0000
4150.0000
4160.0000
4170.0000
4180.0000
4190.0000
4200.0000
4210.0000
4220.0000
4230.0000
4240.0000
4250.0000
4260.0000
4270.0000
4280.0000
4290.0000
4300.0000
4310.0000
4320.0000
4330.0000
4340.0000
4350.0000
4360.0000
4370.0000
4380.0000
4390.0000
4400.0000
4410.0000
4420.0000
4430.0000
4440.0000
4450.0000
4460.0000
4470.0000
4480.0000
4490.0000
4500.0000
4510.0000
4520.0000
4530.0000
4540.0000
4550.0000
4560.0000
4570.0000
4580.0000
4590.0000
4600.0000
4610.0000
4620.0000
4630.0000
4640.0000
4650.0000
4660.0000
4670.0000
4680.0000
4690.0000
4700.0000
4710.0000
4720.0000
4730.0000
4740.0000
4750.0000
4760.0000
4770.0000
4780.0000
4790.0000
4800.0000
4810.0000
4820.0000
4830.0000
4840.0000
4850.0000
4860.0000
4870.0000
4880.0000
4890.0000
4900.0000
4910.0000
4920.0000
4930.0000
4940.0000
4950.0000
4960.0000
4970.0000
4980.0000
4990.0000
5000.0000
5010.0000
5020.0000
5030.0000
5040.0000
5050.0000
5060.0000
5070.0000
5080.0000
5090.0000
5100.0000
5110.0000
5120.0000
5130.0000
5140.0000
5150.0000
5160.0000
5170.0000
5180.0000
5190.0000
5200.0000
5210.0000
5220.0000
5230.0000
5240.0000
5250.0000
5260.0000
5270.0000
5280.0000
5290.0000
5300.0000
5310.0000
5320.0000
5330.0000
5340.0000
5350.0000
5360.0000
5370.0000
5380.0000
5390.0000
5400.0000
5410.0000
5420.0000
5430.0000
5440.0000
5450.0000
5460.0000
5470.0000
5480.0000
5490.0000
5500.0000
5510.0000
5520.0000
5530.0000
5540.0000
5550.0000
5560.0000
5570.0000
5580.0000
5590.0000
5600.0000
5610.0000
5620.0000
5630.0000
5640.0000
5650.0000
5660.0000
5670.0000
5680.0000
5690.0000
5700.0000
5710.0000
5720.0000
5730.0000
5740.0000
5750.0000
5760.0000
5770.0000
5780.0000
5790.0000
5800.0000
5810.0000
5820.0000
5830.0000
5840.0000
5850.0000
5860.0000
5870.0000
5880.0000
5890.0000
5900.0000
5910.0000
5920.0000
5930.0000
5940.0000
5950.0000
5960.0000
5970.0000
5980.0000
5990.0000
6000.0000
6010.0000
6020.0000
6030.0000
6040.0000
6050.0000
6060.0000
6070.0000
6080.0000
6090.0000
6100.0000
6110.0000
6120.0000
6130.0000
6140.0000
6150.0000
6160.0000
6170.0000
6180.0000
6190.0000
6200.0000
6210.0000
6220.0000
6230.0000
6240.0000
6250.0000
6260.0000
6270.0000
6280.0000
6290.0000
6300.0000
6310.0000
6320.0000
6330.0000
6340.0000
6350.0000
6360.0000
6370.0000
6380.0000
6390.0000
6400.0000
6410.0000
6420.0000
6430.0000
6440.0000
6450.0000
6460.0000
6470.0000
6480.0000
6490.0000
6500.0000
6510.0000
6520.0000
6530.0000
6540.0000
6550.0000
6560.0000
6570.0000
6580.0000
6590.0000
6600.0000
6610.0000
6620.0000
6630.0000
6640.0000
6650.0000
6660.0000
6670.0000
6680.0000
6690.0000
6700.0000
6710.0000
6720.0000
6730.0000
6740.0000
6750.0000
6760.0000
6770.0000
6780.0000
6790.0000
6800.0000
6810.0000
6820.0000
6830.0000
6840.0000
6850.0000
6860.0000
6870.0000
6880.0000
6890.0000
6900.0000
6910.0000
6920.0000
6930.0000
6940.0000
6950.0000
6960.0000
6970.0000
6980.0000
6990.0000
7000.0000
7010.0000
7020.0000
7030.0000
7040.0000
7050.0000
7060.0000
7070.0000
7080.0000
7090.0000
7100.0000
7110.0000
7120.0000
7130.0000
7140.0000
7150.0000
7160.0000
7170.0000
7180.0000
7190.0000
7200.0000
7210.0000
7220.0000
7230.0000
7240.0000
7250.0000
7260.0000
7270.0000
7280.0000
7290.0000
7300.0000
7310.0000
7320.0000
7330.0000
7340.0000
7350.0000
7360.0000
7370.0000
7380.0000
7390.0000
7400.0000
7410.0000
7420.0000
7430.0000
7440.0000
7450.0000
7460.0000
7470.0000
7480.0000
7490.0000
7500.0000
7510.0000
7520.0000
7530.0000
7540.0000
7550.0000
7560.0000
7570.0000
7580.0000
7590.0000
7600.0000
7610.0000
7620.0000
7630.0000
7640.0000
7650.0000
7660.0000
7670.0000
7680.0000
7690.0000
7700.0000
7710.0000
7720.0000
7730.0000
7740.0000
7750.0000
7760.0000
7770.0000
7780.0000
7790.0000
7800.0000
7810.0000
7820.0000
7830.0000
7840.0000
7850.0000
7860.0000
7870.0000
7880.0000
7890.0000
7900.0000
7910.0000
7920.0000
7930.0000
7940.0000
7950.0000
7960.0000
7970.0000
7980.0000
7990.0000
8000.0000
8010.0000
8020.0000
8030.0000
8040.0000
8050.0000
8060.0000
8070.0000
8080.0000
8090.0000
8100.0000
8110.0000
8120.0000
8130.0000
8140.0000
8150.0000
8160.0000
8170.0000
8180.0000
8190.0000
8200.0000
8210.0000
8220.0000
8230.0000
8240.0000
8250.0000
8260.0000
8270.0000
8280.0000
8290.0000
8300.0000
8310.0000
8320.0000
8330.0000
8340.0000
8350.0000
8360.0000
8370.0000
8380.0000
8390.0000
8400.0000
8410.0000
8420.0000
8430.0000
8440.0000
8450.0000
8460.0000
8470.0000
8480.0000
8490.0000
8500.0000
8510.0000
8520.0000
8530.0000
8540.0000
8550.0000
8560.0000
8570.0000
8580.0000
8590.0000
8600.0000
8610.0000
8620.0000
8630.0000
8640.0000
8650.0000
8660.0000
8670.0000
8680.0000
8690.0000
8700.0000
8710.0000
8720.0000
8730.0000
8740.0000
8750.0000
8760.0000
8770.0000
8780.0000
8790.0000
8800.0000
8810.0000
8820.0000
8830.0000
8840.0000
8850.0000
8860.0000
8870.0000
8880.0000
8890.0000
8900.0000
8910.0000
8920.0000
8930.0000
8940.0000
8950.0000
8960.0000
8970.0000
8980.0000
8990.0000
9000.0000
9010.0000
9020.0000
9030.0000
9040.0000
9050.0000
9060.0000
9070.0000
9080.0000
9090.0000
9100.0000
9110.0000
9120.0000
9130.0000
9140.0000
9150.0000
9160.0000
9170.0000
9180.0000
9190.0000
9200.0000
9210.0000
9220.0000
9230.0000
9240.0000
9250.0000
9260.0000
9270.0000
9280.0000
9290.0000
9300.0000
9310.0000
9320.0000
9330.0000
9340.0000
9350.0000
9360.0000
9370.0000
9380.0000
9390.0000
9400.0000
9410.0000
9420.0000
9430.0000
9440.0000
9450.0000
9460.0000
9470.0000
9480.0000
9490.0000
9500.0000
9510.0000
9520.0000
9530.0000
9540.0000
9550.0000
9560.0000
9570.0000
9580.0000
9590.0000
9600.0000
9610.0000
9620.0000
9630.0000
9640.0000
9650.0000
9660.0000
9670.0000
9680.0000
9690.0000
9700.0000
9710.0000
9720.0000
9730.0000
9740.0000
9750.0000
9760.0000
9770.0000
9780.0000
9790.0000
9800.0000
9810.0000
9820.0000
9830.0000
9840.0000
9850.0000
9860.0000
9870.0000
9880.0000
9890.0000
9900.0000
9910.0000
9920.0000
9930.0000
9940.0000
9950.0000
9960.0000
9970.0000
9980.0000
9990.0000
10000.0000
10010.0000
10020.0000
10030.0000
10040.0000
10050.0000
10060.0000
10070.0000
10080.0000
10090.0000
10100.0000
10110.0000
10120.0000
10130.0000
10140.0000
10150.0000
10160.0000
10170.0000
10180.0000
10190.0000
10200.0000
10210.0000
10220.0000
10230.0000
10240.0000
10250.0000
10260.0000
10270.0000
10280.0000
10290.0000
10300.0000
10310.0000
10320.0000
10330.0000
10340.0000
10350.0000
10360.0000
10370.0000
10380.0000
10390.0000
10400.0000
10410.0000
10420.0000
10430.0000
10440.0000
10450.0000
10460.0000
10470.0000
10480.0000
10490.0000
10500.0000
10510.0000
10520.0000
10530.0000
10540.0000
10550.0000
10560.0000
10570.0000
10580.0000
10590.0000
10600.0000
10610.0000
10620.0000
10630.0000
10640.0000
10650.0000
10660.0000
10670.0000
10680.0000
10690.0000
10700.0000
10710.0000
10720.0000
10730.0000
10740.0000
10750.0000
10760.0000
10770.0000
10780.0000
10790.0000
10800.0000
10810.0000
10820.0000
10830.0000
10840.0000
10850.0000
10860.0000
10870.0000
10880.0000
10890.0000
10900.0000
10910.0000
10920.0000
10930.0000
10940.0000
10950.0000
10960.0000
10970.0000
10980.0000
10990.0000
11000.0000
11010.0000
11020.0000
11030.0000
11040.0000
11050.0000
11060.0000
11070.0000
11080.0000
11090.0000
11100.0000
11110.0000
11120.0000
11130.0000
11140.0000
11150.0000
11160.0000
11170.0000
11180.0000
11190.0000
11200.0000
11210.0000
11220.0000
11230.0000
11240.0000
11250.0000
11260.0000
11270.0000
11280.0000
11290.0000
11300.0000
11310.0000
11320.0000
11330.0000
11340.0000
11350.0000
11360.0000
11370.0000
11380.0000
11390.0000
11400.0000
11410.0000
11420.0000
11430.0000
11440.0000
11450.0000
11460.0000
11470.0000
11480.0000
11490.0000
11500.0000
11510.0000
11520.0000
11530.0000
11540.0000
11550.0000
11560.0000
11570.0000
11580.0000
11590.0000
11600.0000
11610.0000
11620.0000
11630.0000
11640.0000
11650.0000
11660.0000
11670.0000
11680.0000
11690.0000
11700.0000
11710.0000
11720.0000
11730.0000
11740.0000
11750.0000
11760.0000
11770.0000
11780.0000
11790.0000
11800.0000
11810.0000
11820.0000
11830.0000
11840.0000
11850.0000
11860.0000
11870.0000
11880.0000
11890.0000
11900.0000
11910.0000
11920.0000
11930.0000
11940.0000
11950.0000
11960.0000
11970.0000
11980.0000
11990.0000
12000.0000
12010.0000
12020.0000
12030.0000
12040.0000
12050.0000
12060.0000
12070.0000
12080.0000
12090.0000
12100.0000
12110.0000
12120.0000
12130.0000
12140.0000
12150.0000
12160.0000
12170.0000
12180.0000
12190.0000
12200.0000
12210.0000
12220.0000
12230.0000
12240.0000
12250.0000
12260.0000
12270.0000
12280.0000
12290.0000
12300.0000
12310.0000
12320.0000
12330.0000
12340.0000
12350.0000
12360.0000
12370.0000
12380.0000
12390.0000
12400.0000
12410.0000
12420.0000
12430.0000
12440.0000
12450.0000
12460.0000
12470.0000
12480.0000
12490.0000
12500.0000
12510.0000
12520.0000
12530.0000
12540.0000
12550.0000
12560.0000
12570.0000
12580.0000
12590.0000
12600.0000
12610.0000
12620.0000
12630.0000
12640.0000
12650.0000
12660.0000
12670.0000
12680.0000
12690.0000
12700.0000
12710.0000
12720.0000
12730.0000
12740.0000
12750.0000
12760.0000
12770.0000
12780.0000
12790.0000
12800.0000
12810.0000
12820.0000
12830.0000
12840.0000
12850.0000
12860.0000
12870.0000
12880.0000
12890.0000
12900.0000
12910.0000
12920.0000
12930.0000
12940.0000
12950.0000
12960.0000
12970.0000
12980.0000
12990.0000
13000.0000
13010.0000
13020.0000
13030.0000
13040.0000
13050.0000
13060.0000
13070.0000
13080.0000
13090.0000
13100.0000
13110.0000
13120.0000
13130.0000
13140.0000
13150.0000
13160.0000
13170.0000
13180.0000
13190.0000
13200.0000
13210.0000
13220.0000
13230.0000
13240.0000
13250.0000
13260.0000
13270.0000
13280.0000
13290.0000
13300.0000
13310.0000
13320.0000
13330.0000
13340.0000
13350.0000
13360.0000
13370.0000
13380.0000
13390.0000
13400.0000
13410.0000
13420.0000
13430.0000
13440.0000
13450.0000
13460.0000
13470.0000
13480.0000
13490.0000
13500.0000
13510.0000
13520.0000
13530.0000
13540.0000
13550.0000
13560.0000
13570.0000
13580.0000
13590.0000
13600.0000
13610.0000
13620.0000
13630.0000
13640.0000
13650.0000
13660.0000
13670.0000
13680.0000
13690.0000
13700.0000
13710.0000
13720.0000
13730.0000
13740.0000
13750.0000
13760.0000
13770.0000
13780.0000
13790.0000
13800.0000
13810.0000
13820.0000
13830.0000
13840.0000
13850.0000
13860.0000
13870.0000
13880.0000
13890.0000
13900.0000
13910.0000
13920.0000
13930.0000
13940.0000
13950.0000
13960.0000
13970.0000
13980.0000
13990.0000
14000.0000
14010.0000
14020.0000
14030.0000
14040.0000
14050.0000
14060.0000
14070.0000
14080.0000
14090.0000
14100.0000
14110.0000
14120.0000
14130.0000
14140.0000
14150.0000
14160.0000
14170.0000
14180.0000
14190.0000
14200.0000
14210.0000
14220.0000
14230.0000
14240.0000
14250.0000
14260.0000
14270.0000
14280.0000
14290.0000
14300.0000
14310.0000
14320.0000
14330.0000
14340.0000
14350.0000
14360.0000
14370.0000
14380.0000
14390.0000
14400.0000
14410.0000
14420.0000
14430.0000
14440.0000
14450.0000
14460.0000
14470.0000
14480.0000
14490.0000
14500.0000
14510.0000
14520.0000
14530.0000
14540.0000
14550.0000
14560.0000
14570.0000
14580.0000
14590.0000
14600.0000
14610.0000
14620.0000
14630.0000
14640.0000
14650.0000
14660.0000
14670.0000
14680.0000
14690.0000
14700.0000
14710.0000
14720.0000
14730.0000
14740.0000
14750.0000
14760.0000
14770.0000
14780.0000
14790.0000
14800.0000
14810.0000
14820.0000
14830.0000
14840.0000
14850.0000
14860.0000
14870.0000
14880.0000
14890.0000
14900.0000
14910.0000
14920.0000
14930.0000
14940.0000
14950.0000
14960.0000
14970.0000
14980.0000
14990.0000
15000.0000
15010.0000
15020.0000
15030.0000
15040.0000
15050.0000
15060.0000
15070.0000
15080.0000
15090.0000
15100.0000
15110.0000
15120.0000
15130.0000
15140.0000
15150.0000
15160.0000
15170.0000
15180.0000
15190.0000
15200.0000
15210.0000
15220.0000
15230.0000
15240.0000
15250.0000
15260.0000
15270.0000
15280.0000
15290.0000
15300.0000
15310.0000
15320.0000
15330.0000
15340.0000
15350.0000
15360.0000
15370.0000
15380.0000
15390.0000
15400.0000
15410.0000
15420.0000
15430.0000
15440.0000
15450.0000
15460.0000
15470.0000
15480.0000
15490.0000
15500.0000
15510.0000
15520.0000
15530.0000
15540.0000
15550.0000
15560.0000
15570.0000
15580.0000
15590.0000
15600.0000
15610.0000
15620.0000
15630.0000
15640.0000
15650.0000
15660.0000
15670.0000
15680.0000
15690.0000
15700.0000
15710.0000
15720.0000
15730.0000
15740.0000
15750.0000
15760.0000
15770.0000
15780.0000
15790.0000
15800.0000
15810.0000
15820.0000
15830.0000
15840.0000
15850.0000
15860.0000
15870.0000
15880.0000
15890.0000
15900.0000
15910.0000
15920.0000
15930.0000
15940.0000
15950.0000
15960.0000
15970.0000
15980.0000
15990.0000
16000.0000
16010.0000
16020.0000
16030.0000
16040.0000
16050.0000
16060.0000
16070.0000
16080.0000
16090.0000
16100.0000
16110.0000
16120.0000
16130.0000
16140.0000
16150.0000
16160.0000
16170.0000
16180.0000
16190.0000
16200.0000
16210.0000
16220.0000
16230.0000
16240.0000
16250.0000
16260.0000
16270.0000
16280.0000
16290.0000
16300.0000
16310.0000
16320.0000
16330.0000
16340.0000
16350.0000
16360.0000
16370.0000
16380.0000
16390.0000
16400.0000
16410.0000
16420.0000
16430.0000
16440.0000
16450.0000
16460.0000
16470.0000
16480.0000
16490.0000
16500.0000
16510.0000
16520.0000
16530.0000
16540.0000
16550.0000
16560.0000
16570.0000
16580.0000
16590.0000
16600.0000
16610.0000
16620.0000
16630.0000
16640.0000
16650.0000
16660.0000
16670.0000
16680.0000
16690.0000
16700.0000
16710.0000
16720.0000
16730.0000
16740.0000
16750.0000
16760.0000
16770.0000
16780.0000
16790.0000
16800.0000
16810.0000
16820.0000
16830.0000
16840.0000
16850.0000
16860.0000
16870.0000
16880.0000
16890.0000
16900.0000
16910.0000
16920.0000
16930.0000
16940.0000
16950.0000
16960.0000
16970.0000
16980.0000
16990.0000
17000.0000
17010.0000
17020.0000
17030.0000
17040.0000
17050.0000
17060.0000
17070.0000
17080.0000
17090.0000
17100.0000
17110.0000
17120.0000
17130.0000
17140.0000
17150.0000
17160.0000
17170.0000
17180.0000
17190.0000
17200.0000
17210.0000
17220.0000
17230.0000
17240.0000
17250.0000
17260.0000
17270.0000
17280.0000
17290.0000
17300.0000
17310.0000
17320.0000
17330.0000
17340.0000
17350.0000
17360.0000
17370.0000
17380.0000
17390.0000
17400.0000
17410.0000
17420.0000
17430.0000
17440.0000
17450.0000
17460.0000
17470.0000
17480.0000
17490.0000
17500.0000
17510.0000
17520.0000
17530.0000
17540.0000
17550.0000
17560.0000
17570.0000
17580.0000
17590.0000
17600.0000
17610.0000
17620.0000
17630.0000
17640.0000
17650.0000
17660.0000
17670.0000
17680.0000
17690.0000
17700.0000
17710.0000
17720.0000
17730.0000
17740.0000
17750.0000
17760.0000
17770.0000
17780.0000
17790.0000
17800.0000
17810.0000
17820.0000
17830.0000
17840.0000
17850.0000
17860.0000
17870.0000
17880.0000
17890.0000
17900.0000
17910.0000
17920.0000
17930.0000
17940.0000
17950.0000
17960.0000
17970.0000
17980.0000
17990.0000
18000.0000
18010.0000
18020.0000
18030.0000
18040.0000
18050.0000
18060.0000
18070.0000
18080.0000
18090.0000
18100.0000
18110.0000
18120.0000
18130.0000
18140.0000
18150.0000
18160.0000
18170.0000
18180.0000
18190.0000
18200.0000
18210.0000
18220.0000
18230.0000
18240.0000
18250.0000
18260.0000
18270.0000
18280.0000
18290.0000
18300.0000
18310.0000
18320.0000
18330.0000
18340.0000
18350.0000
18360.0000
18370.0000
18380.0000
18390.0000
18400.0000
18410.0000
18420.0000
18430.0000
18440.0000
18450.0000
18460.0000
18470.0000
18480.0000
18490.0000
18500.0000
18510.0000
18520.0000
18530.0000
18540.0000
18550.0000
18560.0000
18570.0000
18580.0000
18590.0000
18600.0000
18610.0000
18620.0000
18630.0000
18640.0000
18650.0000
18660.0000
18670.0000
18680.0000
18690.0000
18700.0000
18710.0000
18720.0000
18730.0000
18740.0000
18750.0000
18760.0000
18770.0000
18780.0000
18790.0000
18800.0000
18810.0000
18820.0000
18830.0000
18840.0000
18850.0000
18860.0000
18870.0000
18880.0000
18890.0000
18900.0000
18910.0000
18920.0000
18930.0000
18940.0000
18950.0000
18960.0000
18970.0000
18980.0000
18990.0000
19000.0000
19010.0000
19020.0000
19030.0000
19040.0000
19050.0000
19060.0000
19070.0000
19080.0000
19090.0000
19100.0000
19110.0000
19120.0000
19130.0000
19140.0000
19150.0000
19160.0000
19170.0000
19180.0000
19190.0000
19200.0000
19210.0000
19220.0000
19230.0000
19240.0000
19250.0000
19260.0000
19270.0000
19280.0000
19290.0000
19300.0000
19310.0000
19320.0000
19330.0000
19340.0000
19350.0000
19360.0000
19370.0000
19380.0000
19390.0000
19400.0000
19410.0000
19420.0000
19430.0000
19440.0000
19450.0000
19460.0000
19470.0000
19480.0000
19490.0000
19500.0000
19510.0000
19520.0000
19530.0000
19540.0000
19550.0000
19560.0000
19570.0000
19580.0000
19590.0000
19600.0000
19610.0000
19620.0000
19630.0000
19640.0000
19650.0000
19660.0000
19670.0000
19680.0000
19690.0000
19700.0000
19710.0000
19720.0000
19730.0000
19740.0000
19750.0000
19760.0000
19770.0000
19780.0000
19790.0000
19800.0000
19810.0000
19820.0000
19830.0000
19840.0000
19850.0000
19860.0000
19870.0000
19880.0000
19890.0000
19900.0000
19910.0000
19920.0000
19930.0000
19940.0000
19950.0000
19960.0000
19970.0000
19980.0000
19990.0000
20000.0000
20010.0000
20020.0000
20030.0000
20040.0000
20050.0000
20060.0000
20070.0000
20080.0000
20090.0000
20100.0000
20110.0000
20120.0000
20130.0000
20140.0000
20150.0000
20160.0000
20170.0000
20180.0000
20190.0000
20200.0000
20210.0000
20220.0000
20230.0000
20240.0000
20250.0000
20260.0000
20270.0000
20280.0000
20290.0000
20300.0000
20310.0000
20320.0000
20330.0000
20340.0000
20350.0000
20360.0000
20370.0000
20380.0000
20390.0000
20400.0000
20410.0000
20420.0000
20430.0000
20440.0000
20450.0000
20460.0000
20470.0000
20480.0000
20490.0000
20500.0000
20510.0000
20520.0000
20530.0000
20540.0000
20550.0000
20560.0000
20570.0000
20580.0000
20590.0000
20600.0000
20610.0000
20620.0000
20630.0000
20640.0000
20650.0000
20660.0000
20670.0000
20680.0000
20690.0000
20700.0000
20710.0000
20720.0000
20730.0000
20740.0000
20750.0000
20760.0000
20770.0000
20780.0000
20790.0000
20800.0000
20810.0000
20820.0000
20830.0000
20840.0000
20850.0000
20860.0000
20870.0000
20880.0000
20890.0000
20900.0000
20910.0000
20920.0000
20930.0000
20940.0000
20950.0000
20960.0000
20970.0000
20980.0000
20990.0000
21000.0000
21010.0000
21020.0000
21030.0000
21040.0000
21050.0000
21060.0000
21070.0000
21080.0000
21090.0000
21100.0000
21110.0000
21120.0000
21130.0000
21140.0000
21150.0000
21160.0000
21170.0000
21180.0000
21190.0000
21200.0000
21210.0000
21220.0000
21230.0000
21240.0000
21250.0000
21260.0000
21270.0000
21280.0000
21290.0000
21300.0000
21310.0000
21320.0000
21330.0000
21340.0000
21350.0000
21360.0000
21370.0000
21380.0000
21390.0000
21400.0000
21410.0000
21420.0000
21430.0000
21440.0000
21450.0000
21460.0000
21470.0000
21480.0000
21490.0000
21500.0000
21510.0000
21520.0000
21530.0000
21540.0000
21550.0000
21560.0000
21570.0000
21580.0000
21590.0000
21600.0000
21610.0000
21620.0000
21630.0000
21640.0000
21650.0000
21660.0000
21670.0000
21680.0000
21690.0000
21700.0000
21710.0000
21720.0000
21730.0000
21740.0000
21750.0000
21760.0000
21770.0000
21780.0000
21790.0000
21800.0000
21810.0000
21820.0000
21830.0000
21840.0000
21850.0000
21860.0000
21870.0000
21880.0000
21890.0000
21900.0000
21910.0000
21920.0000
21930.0000
21940.0000
21950.0000
21960.0000
21970.0000
21980.0000
21990.0000
22000.0000
22010.0000
22020.0000
22030.0000
22040.0000
22050.0000
22060.0000
22070.0000
22080.0000
22090.0000
22100.0000
22110.0000
22120.0000
22130.0000
22140.0000
22150.0000
22160.0000
22170.0000
22180.0000
22190.0000
22200.0000
22210.0000
22220.0000
22230.0000
22240.0000
22250.0000
22260.0000
22270.0000
22280.0000
22290.0000
22300.0000
22310.0000
22320.0000
22330.0000
22340.0000
22350.0000
22360.0000
22370.0000
22380.0000
22390.0000
22400.0000
22410.0000
22420.0000
22430.0000
22440.0000
22450.0000
22460.0000
22470.0000
22480.0000
22490.0000
22500.0000
22510.0000
22520.0000
22530.0000
22540.0000
22550.0000
22560.0000
22570.0000
22580.0000
22590.0000
22600.0000
22610.0000
22620.0000
22630.0000
22640.0000
22650.0000
22660.0000
22670.0000
22680.0000
22690.0000
22700.0000
22710.0000
22720.0000
22730.0000
22740.0000
22750.0000
22760.0000
22770.0000
22780.0000
22790.0000
22800.0000
22810.0000
22820.0000
22830.0000
22840.0000
22850.0000
22860.0000
22870.0000
22880.0000
22890.0000
22900.0000
22910.0000
22920.0000
22930.0000
22940.0000
22950.0000
22960.0000
22970.0000
22980.0000
22990.0000
23000.0000
23010.0000
23020.0000
23030.0000
23040.0000
23050.0000
23060.0000
23070.0000
23080.0000
23090.0000
23100.0000
23110.0000
23120.0000
23130.0000
23140.0000
23150.0000
23160.0000
23170.0000
23180.0000
23190.0000
23200.0000
23210.0000
23220.0000
23230.0000
23240.0000
23250.0000
23260.0000
23270.0000
23280.0000
23290.0000
23300.0000
23310.0000
23320.0000
23330.0000
23340.0000
23350.0000
23360.0000
23370.0000
23380.0000
23390.0000
23400.0000
23410.0000
23420.0000
23430.0000
23440.0000
23450.0000
23460.0000
23470.0000
23480.0000
23490.0000
23500.0000
23510.0000
23520.0000
23530.0000
23540.0000
23550.0000
23560.0000
23570.0000
23580.0000
23590.0000
23600.0000
23610.0000
23620.0000
23630.0000
23640.0000
23650.0000
23660.0000
23670.0000
23680.0000
23690.0000
23700.0000
23710.0000
23720.0000
23730.0000
23740.0000
23750.0000
23760.0000
23770.0000
23780.0000
23790.0000
23800.0000
23810.0000
23820.0000
23830.0000
23840.0000
23850.0000
23860.0000
23870.0000
23880.0000
23890.0000
23900.0000
23910.0000
23920.0000
23930.0000
23940.0000
23950.0000
23960.0000
23970.0000
23980.0000
23990.0000
24000.0000
24010.0000
24020.0000
24030.0000
24040.0000
24050.0000
24060.0000
24070.0000
24080.0000
24090.0000
24100.0000
24110.0000
24120.0000
24130.0000
24140.0000
24150.0000
24160.0000
24170.0000
24180.0000
24190.0000
24200.0000
24210.0000
24220.0000
24230.0000
24240.0000
24250.0000
24260.0000
24270.0000
24280.0000
24290.0000
24300.0000
24310.0000
24320.0000
24330.0000
24340.0000
24350.0000
24360.0000
24370.0000
24380.0000
24390.0000
24400.0000
24410.0000
24420.0000
24430.0000
24440.0000
24450.0000
24460.0000
24470.0000
24480.0000
24490.0000
24500.0000
24510.0000
24520.0000
24530.0000
24540.0000
24550.0000
24560.0000
24570.0000
24580.0000
24590.0000
24600.0000
24610.0000
24620.0000
24630.0000
24640.0000
24650.0000
24660.0000
24670.0000
24680.0000
24690.0000
24700.0000
24710.0000
24720.0000
24730.0000
24740.0000
24750.0000
24760.0000
24770.0000
24780.0000
24790.0000
24800.0000
24810.0000
24820.0000
24830.0000
24840.0000
24850.0000
24860.0000
24870.0000
24880.0000
24890.0000
24900.0000
24910.0000
24920.0000
24930.0000
24940.0000
24950.0000
24960.0000
24970.0000
24980.0000
24990.0000
25000.0000
25010.0000
25020.0000
25030.0000
25040.0000
25050.0000
25060.0000
25070.0000
25080.0000
25090.0000
25100.0000
25110.0000
25120.0000
25130.0000
25140.0000
25150.0000
25160.0000
25170.0000
25180.0000
25190.0000
25200.0000
25210.0000
25220.0000
25230.0000
25240.0000
25250.0000
25260.0000
25270.0000
25280.0000
25290.0000
25300.0000
25310.0000
25320.0000
25330.0000
25340.0000
25350.0000
25360.0000
25370.0000
25380.0000
25390.0000
25400.0000
25410.0000
25420.0000
25430.0000
25440.0000
25450.0000
25460.0000
25470.0000
25480.0000
25490.0000
25500.0000
25510.0000
25520.0000
25530.0000
25540.0000
25550.0000
25560.0000
25570.0000
25580.0000
25590.0000
25600.0000
25610.0000
25620.0000
25630.0000
25640.0000
25650.0000
25660.0000
25670.0000
25680.0000
25690.0000
25700.0000
25710.0000
25720.0000
25730.0000
25740.0000
25750.0000
25760.0000
25770.0000
25780.0000
25790.0000
25800.0000
25810.0000
25820.0000
25830.0000
25840.0000
25850.0000
25860.0000
25870.0000
25880.0000
25890.0000
25900.0000
25910.0000
25920.0000
25930.0000
25940.0000
25950.0000
25960.0000
25970.0000
25980.0000
25990.0000
26000.0000
26010.0000
26020.0000
26030.0000
26040.0000
26050.0000
26060.0000
26070.0000
26080.0000
26090.0000
26100.0000
26110.0000
26120.0000
26130.0000
26140.0000
26150.0000
26160.0000
26170.0000
26180.0000
26190.0000
26200.0000
26210.0000
26220.0000
26230.0000
26240.0000
26250.0000
26260.0000
26270.0000
26280.0000
26290.0000
26300.0000
26310.0000
26320.0000
26330.0000
26340.0000
26350.0000
26360.0000
26370.0000
26380.0000
26390.0000
26400.0000
26410.0000
26420.0000
26430.0000
26440.0000
26450.0000
26460.0000
26470.0000
26480.0000
26490.0000
26500.0000
26510.0000
26520.0000
26530.0000
26540.0000
26550.0000
26560.0000
26570.0000
26580.0000
26590.0000
26600.0000
26610.0000
26620.0000
26630.0000
26640.0000
26650.0000
26660.0000
26670.0000
26680.0000
26690.0000
26700.0000
26710.0000
26720.0000
26730.0000
26740.0000
26750.0000
26760.0000
26770.0000
26780.0000
26790.0000
26800.0000
26810.0000
26820.0000
26830.0000
26840.0000
26850.0000
26860.0000
26870.0000
26880.0000
26890.0000
26900.0000
26910.0000
26920.0000
26930.0000
26940.0000
26950.0000
26960.0000
26970.0000
26980.0000
26990.0000
27000.0000
27010.0000
27020.0000
27030.0000
27040.0000
27050.0000
27060.0000
27070.0000
27080.0000
27090.0000
27100.0000
27110.0000
27120.0000
27130.0000
27140.0000
27150.0000
27160.0000
27170.0000
27180.0000
27190.0000
27200.0000
27210.0000
27220.0000
27230.0000
27240.0000
27250.0000
27260.0000
27270.0000
27280.0000
27290.0000
27300.0000
27310.0000
27320.0000
27330.0000
27340.0000
27350.0000
27360.0000
27370.0000
27380.0000
27390.0000
27400.0000
27410.0000
27420.0000
27430.0000
27440.0000
27450.0000
27460.0000
27470.0000
27480.0000
27490.0000
27500.0000
27510.0000
27520.0000
27530.0000
27540.0000
27550.0000
27560.0000
27570.0000
27580.0000
27590.0000
27600.0000
27610.0000
27620.0000
27630.0000
27640.0000
27650.0000
27660.0000
27670.0000
27680.0000
27690.0000
27700.0000
27710.0000
27720.0000
27730.0000
27740.0000
27750.0000
27760.0000
27770.0000
27780.0000
27790.0000
27800.0000
27810.0000
27820.0000
27830.0000
27840.0000
27850.0000
27860.0000
27870.0000
27880.0000
27890.0000
27900.0000
27910.0000
27920.0000
27930.0000
27940.0000
27950.0000
27960.0000
27970.0000
27980.0000
27990.0000
28000.0000
28010.0000
28020.0000
28030.0000
28040.0000
28050.0000
28060.0000
28070.0000
28080.0000
28090.0000
28100.0000
28110.0000
28120.0000
28130.0000
28140.0000
28150.0000
28160.0000
28170.0000
28180.0000
28190.0000
28200.0000
28210.0000
28220.0000
28230.0000
28240.0000
28250.0000
28260.0000
28270.0000
28280.0000
28290.0000
28300.0000
28310.0000
28320.0000
28330.0000
28340.0000
28350.0000
28360.0000
28370.0000
28380.0000
28390.0000
28400.0000
28410.0000
28420.0000
28430.0000
28440.0000
28450.0000
28460.0000
28470.0000
28480.0000
28490.0000
28500.0000
28510.0000
28520.0000
28530.0000
28540.0000
28550.0000
28560.0000
28570.0000
28580.0000
28590.0000
28600.0000
28610.0000
28620.0000
28630.0000
28640.0000
28650.0000
28660.0000
28670.0000
28680.0000
28690.0000
28700.0000
28710.0000
28720.0000
28730.0000
28740.0000
28750.0000
28760.0000
28770.0000
28780.0000
28790.0000
28800.0000
28810.0000
28820.0000
28830.0000
28840.0000
28850.0000
28860.0000
28870.0000
28880.0000
28890.0000
28900.0000
28910.0000
28920.0000
28930.0000
28940.0000
28950.0000
28960.0000
28970.0000
28980.0000
28990.0000
29000.0000
29010.0000
29020.0000
29030.0000
29040.0000
29050.0000
29060.0000
29070.0000
29080.0000
29090.0000
29100.0000
29110.0000
29120.0000
29130.0000
29140.0000
29150.0000
29160.0000
29170.0000
29180.0000
29190.0000
29200.0000
29210.0000
29220.0000
29230.0000
29240.0000
29250.0000
29260.0000
29270.0000
29280.0000
29290.0000
29300.0000
29310.0000
29320.0000
29330.0000
29340.0000
29350.0000
29360.0000
29370.0000
29380.0000
29390.0000
29400.0000
29410.0000
29420.0000
29430.0000
29440.0000
29450.0000
29460.0000
29470.0000
29480.0000
29490.0000
29500.0000
29510.0000
29520.0000
29530.0000
29540.0000
29550.0000
29560.0000
29570.0000
29580.0000
29590.0000
29600.0000
29610.0000
29620.0000
29630.0000
29640.0000
29650.0000
29660.0000
29670.0000
29680.0000
29690.0000
29700.0000
29710.0000
29720.0000
29730.0000
29740.0000
29750.0000
29760.0000
29770.0000
29780.0000
29790.0000
29800.0000
29810.0000
29820.0000
29830.0000
29840.0000
29850.0000
29860.0000
29870.0000
29880.0000
29890.0000
29900.0000
29910.0000
29920.0000
29930.0000
29940.0000
29950.0000
29960.0000
29970.0000
29980.0000
29990.0000
30000.0000
30010.0000
30020.0000
30030.0000
30040.0000
30050.0000
30060.0000
30070.0000
30080.0000
30090.0000
30100.0000
30110.0000
30120.0000
30130.0000
30140.0000
30150.0000
30160.0000
30170.0000
30180.0000
30190.0000
30200.0000
30210.0000
30220.0000
30230.0000
30240.0000
30250.0000
30260.0000
30270.0000
30280.0000
30290.0000
30300.0000
30310.0000
30320.0000
30330.0000
30340.0000
30350.0000
30360.0000
30370.0000
30380.0000
30390.0000
30400.0000
30410.0000
30420.0000
30430.0000
30440.0000
30450.0000
30460.0000
30470.0000
30480.0000
30490.0000
30500.0000
30510.0000
30520.0000
30530.0000
30540.0000
30550.0000
30560.0000
30570.0000
30580.0000
30590.0000
30600.0000
30610.0000
30620.0000
30630.0000
30640.0000
30650.0000
30660.0000
30670.0000
30680.0000
30690.0000
30700.0000
30710.0000
30720.0000
30730.0000
30740.0000
30750.0000
30760.0000
30770.0000
30780.0000
30790.0000
30800.0000
30810.0000
30820.0000
30830.0000
30840.0000
30850.0000
30860.0000
30870.0000
30880.0000
30890.0000
30900.0000
30910.0000
30920.0000
30930.0000
30940.0000
30950.0000
30960.0000
30970.0000
30980.0000
30990.0000
31000.0000
31010.0000
31020.0000
31030.0000
31040.0000
31050.0000
31060.0000
31070.0000
31080.0000
31090.0000
31100.0000
31110.0000
31120.0000
31130.0000
31140.0000
31150.0000
31160.0000
31170.0000
31180.0000
31190.0000
31200.0000
31210.0000
31220.0000
31230.0000
31240.0000
31250.0000
31260.0000
31270.0000
31280.0000
31290.0000
31300.0000
31310.0000
31320.0000
31330.0000
31340.0000
31350.0000
31360.0000
31370.0000
31380.0000
31390.0000
31400.0000
31410.0000
31420.0000
31430.0000
31440.0000
31450.0000
31460.0000
31470.0000
31480.0000
31490.0000
31500.0000
31510.0000
31520.0000
31530.0000
31540.0000
31550.0000
31560.0000
31570.0000
31580.0000
31590.0000
31600.0000
31610.0000
31620.0000
31630.0000
31640.0000
31650.0000
31660.0000
31670.0000
31680.0000
31690.0000
31700.0000
31710.0000
31720.0000
31730.0000
31740.0000
31750.0000
31760.0000
31770.0000
31780.0000
31790.0000
31800.0000
31810.0000
31820.0000
31830.0000
31840.0000
31850.0000
31860.0000
31870.0000
31880.0000
31890.0000
31900.0000
31910.0000
31920.0000
31930.0000
31940.0000
31950.0000
31960.0000
31970.0000
31980.0000
31990.0000
32000.0000
32010.0000
32020.0000
32030.0000
32040.0000
32050.0000
32060.0000
32070.0000
32080.0000
32090.0000
32100.0000
32110.0000
32120.0000
32130.0000
32140.0000
32150.0000
32160.0000
32170.0000
32180.0000
32190.0000
32200.0000
32210.0000
32220.0000
32230.0000
32240.0000
32250.0000
32260.0000
32270.0000
32280.0000
32290.0000
32300.0000
32310.0000
32320.0000
32330.0000
32340.0000
32350.0000
32360.0000
32370.0000
32380.0000
32390.0000
32400.0000
32410.0000
32420.0000
32430.0000
32440.0000
32450.0000
32460.0000
32470.0000
32480.0000
32490.0000
32500.0000
32510.0000
32520.0000
32530.0000
32540.0000
32550.0000
32560.0000
32570.0000
32580.0000
32590.0000
32600.0000
32610.0000
32620.0000
32630.0000
32640.0000
32650.0000
32660.0000
32670.0000
32680.0000
32690.0000
32700.0000
32710.0000
32720.0000
32730.0000
32740.0000
32750.0000
32760.0000
32770.0000
32780.0000
32790.0000
32800.0000
32810.0000
32820.0000
32830.0000
32840.0000
32850.0000
32860.0000
32870.0000
32880.0000
32890.0000
32900.0000
32910.0000
32920.0000
32930.0000
32940.0000
32950.0000
32960.0000
32970.0000
32980.0000
32990.0000
33000.0000
33010.0000
33020.0000
33030.0000
33040.0000
33050.0000
33060.0000
33070.0000
33080.0000
33090.0000
33100.0000
33110.0000
33120.0000
33130.0000
33140.0000
33150.0000
33160.0000
33170.0000
33180.0000
33190.0000
33200.0000
33210.0000
33220.0000
33230.0000
33240.0000
33250.0000
33260.0000
33270.0000
33280.0000
33290.0000
33300.0000
33310.0000
33320.0000
33330.0000
33340.0000
33350.0000
33360.0000
33370.0000
33380.0000
33390.0000
33400.0000
33410.0000
33420.0000
33430.0000
33440.0000
33450.0000
33460.0000
33470.0000
33480.0000
33490.0000
33500.0000
33510.0000
33520.0000
33530.0000
33540.0000
33550.0000
33560.0000
33570.0000
33580.0000
33590.0000
33600.0000
33610.0000
33620.0000
33630.0000
33640.0000
